Q-table (State: Q-values for [Forward, Forward_Left, Forward_Right, Rotate_Left, Rotate_Right])
--------------------------------------------------------------------------------
State (0, 0, 0): Q-values [-133.00253371637132, -132.9590547014722, -132.81926149475117, -132.86837752278242, -132.78350442261015]
State (0, 0, 1): Q-values [-84.62455608497321, -84.69258398718051, -84.64643294648468, -85.10281525947939, -84.68831796723649]
State (0, 0, 2): Q-values [-0.7328460630935492, -1.0082261701488247, -0.7498193723805613, -0.8936978668314216, -0.6805958581321306]
State (0, 0, 3): Q-values [-0.5969405985, -0.5969405985, -0.5969405985, -0.5939854485, -0.4499403]
State (0, 1, 0): Q-values [0.0, 0.0, 0.0, 0.0, 0.0]
State (0, 1, 1): Q-values [-20.16393297690672, -20.048702869675736, -19.9995751699742, -19.938951044541078, -20.691472843974616]
State (0, 1, 2): Q-values [0.0, 0.0, 0.0, 0.0, 0.0]
State (0, 1, 3): Q-values [-0.5939854485, -0.2985, -0.2985, -0.2985, -0.4499403]
State (0, 2, 0): Q-values [0.0, 0.0, 0.0, 0.0, 0.0]
State (0, 2, 1): Q-values [0.0, 0.0, 0.0, 0.0, 0.0]
State (0, 2, 2): Q-values [0.0, 0.0, 0.0, 0.0, 0.0]
State (0, 2, 3): Q-values [-0.2985, -0.2985, -0.2985, -0.2985, -0.44698515]
State (0, 3, 0): Q-values [0.0, 0.0, 0.0, 0.0, 0.0]
State (0, 3, 1): Q-values [0.0, 0.0, 0.0, 0.0, 0.0]
State (0, 3, 2): Q-values [0.0, 0.0, 0.0, 0.0, 0.0]
State (0, 3, 3): Q-values [-0.8953218073208986, -0.8953218073208986, -1.0378381541862092, -0.74689545892515, -0.7498060648354501]
State (1, 0, 0): Q-values [0.0, 0.0, 0.0, 0.0, 0.0]
State (1, 0, 1): Q-values [-0.015155892299769876, 7.73927395626059, 0.21010566898223224, 0.2022082068363257, -0.2583485037627222]
State (1, 0, 2): Q-values [-0.04999050304233741, -0.046261057440554025, -0.15295515, 0.0, 0.0]
State (1, 0, 3): Q-values [0.0, 0.0, 0.0, 0.0, 0.0]
State (1, 1, 0): Q-values [0.0, 0.0, 0.0, 0.0, 0.0]
State (1, 1, 1): Q-values [3.700761197954205, 90.73113736370507, 2.441077397299459, 3.5793337347620637, 1.0444404242327852]
State (1, 1, 2): Q-values [0.0, 0.0, 0.0, 0.0, 0.0]
State (1, 1, 3): Q-values [0.0, 0.0, 0.0, 0.0, 0.0]
State (1, 2, 0): Q-values [0.0, 0.0, 0.0, 0.0, 0.0]
State (1, 2, 1): Q-values [0.0, 0.0, 0.0, 0.0, 0.0]
State (1, 2, 2): Q-values [0.0, 0.0, 0.0, 0.0, 0.0]
State (1, 2, 3): Q-values [0.0, 0.0, 0.0, 0.0, 0.0]
State (1, 3, 0): Q-values [0.0, 0.0, 0.0, 0.0, 0.0]
State (1, 3, 1): Q-values [0.0, 0.0, 0.0, 0.0, 0.0]
State (1, 3, 2): Q-values [0.0, 0.0, 0.0, 0.0, 0.0]
State (1, 3, 3): Q-values [-0.2985, -0.2985, -0.2985, -0.24272679856681031, 0.0]
State (2, 0, 0): Q-values [0.0, 0.0, 0.0, 0.0, 0.0]
State (2, 0, 1): Q-values [11.207369508418466, 0.0, 0.0, 0.0, 0.0]
State (2, 0, 2): Q-values [0.0, 0.0, 0.0, 0.0, 0.0]
State (2, 0, 3): Q-values [0.0, 0.0, 0.0, 0.0, 0.0]
State (2, 1, 0): Q-values [0.0, 0.0, 0.0, 0.0, 0.0]
State (2, 1, 1): Q-values [309.573046002753, 19.71794361319413, 10.6937851689582, 10.82710938515347, 21.51707682998805]
State (2, 1, 2): Q-values [188.37676707748673, 3.6710056057999862, 0.4905018905577698, 0.0, 3.042885664675523]
State (2, 1, 3): Q-values [0.0, 0.0, 0.0, 0.0, 0.0]
State (2, 2, 0): Q-values [0.0, 0.0, 0.0, 0.0, 0.0]
State (2, 2, 1): Q-values [0.0, 0.0, 0.0, 0.0, 0.0]
State (2, 2, 2): Q-values [61.475104897981176, 0.0, 0.25358802853059537, 0.17318557096102488, 0.0]
State (2, 2, 3): Q-values [-1.0499389866087783, -1.1873729122205774, -0.011834029857755751, -0.9702424363826119, -0.9970224400358646]
State (2, 3, 0): Q-values [0.0, 0.0, 0.0, 0.0, 0.0]
State (2, 3, 1): Q-values [0.0, 0.0, 0.0, 0.0, 0.0]
State (2, 3, 2): Q-values [0.0, 0.0, 0.0, 0.0, 0.0]
State (2, 3, 3): Q-values [-0.3134858932405552, -0.0013385636072871243, -0.26818751621894854, -0.2985, -0.405559636914673]
State (3, 0, 0): Q-values [37.625743875966855, 0.9629842323846343, 0.8195116128464945, 0.0, 0.0]
State (3, 0, 1): Q-values [57.23875512972334, 0.1985108022283463, 0.2932947177614987, 0.0, 2.6472933690145535]
State (3, 0, 2): Q-values [0.0, 0.0, 0.0, 0.0, 0.0]
State (3, 0, 3): Q-values [0.0, 0.0, 0.0, 0.0, 0.0]
State (3, 1, 0): Q-values [12.627459943804778, 0.12843917572513966, 0.0, 0.0, 0.0]
State (3, 1, 1): Q-values [256.01867705591343, 66.76242054497818, 50.87212276868894, 57.09639575025007, 63.108743300056815]
State (3, 1, 2): Q-values [122.99709252006389, 0.334454209153704, 0.2703592035090888, 0.6526773318641234, 4.552648807560251]
State (3, 1, 3): Q-values [29.33735463738756, -0.43900200063655304, -0.6594939526733018, -0.5553313999274505, -0.5926446696410174]
State (3, 2, 0): Q-values [0.0, 0.0, 0.0, 0.0, 0.0]
State (3, 2, 1): Q-values [7.085143634971902, 3.1930997972825876, 119.38750804981406, 2.7995985460870134, 1.593962150137209]
State (3, 2, 2): Q-values [10.076444196748344, 109.35936374338254, 6.120627174140688, 2.4000800071747173, 5.850875674528308]
State (3, 2, 3): Q-values [-3.957796829023259, -4.107768088013634, 64.45453457567378, -4.981649155920554, -4.811063520763912]
State (3, 3, 0): Q-values [-4.1497171673671485, -3.1751837027260015, -4.156842740274915, 33.443506794804215, -1.974571810444231]
State (3, 3, 1): Q-values [4.002663019093727, 7.850957262236427, 10.269347162038237, 131.86404213141097, 9.278090941039581]
State (3, 3, 2): Q-values [-19.474204035580787, 36.11080399463755, -22.25279088395669, -21.664422529920195, -22.290583071014122]
State (3, 3, 3): Q-values [-8.475411504678902, -8.420783177567557, 38.387525659773594, -7.052327072672605, -7.826782752990297]
