Q-table (State: Q-values for [Forward, Forward_Left, Forward_Right, Rotate_Left, Rotate_Right])
--------------------------------------------------------------------------------
State (0, 0, 0, 0): Q-values [0.07199512881047683, -0.00030554231038886284, 1.188596441582763, 0.0, 0.0]
State (0, 0, 0, 1): Q-values [0.8844842117889914, 9.607618134821, 0.2711768625632404, 0.4565430170290495, 0.142364616048545]
State (0, 0, 0, 2): Q-values [0.05941961194228985, 0.6398305739077363, 0.0, 0.5098809255580578, 6.025283001354469]
State (0, 0, 0, 3): Q-values [0.0, 0.056845590657828356, 1.095215683591294, 0.0, 0.0]
State (0, 0, 0, 4): Q-values [0.14864354671835897, 0.0, 0.0, 0.0, 0.0]
State (0, 0, 1, 0): Q-values [0.0, 0.0, 0.0, 0.0, 0.0]
State (0, 0, 1, 1): Q-values [0.9953677179734685, 0.9086903438556209, 0.5956290773353955, 0.9648757049971007, 7.14617946490131]
State (0, 0, 1, 2): Q-values [3.2735085176499967, 0.7584444067664691, 0.8875857639780627, 0.7779522888795686, 1.1449579438637527]
State (0, 0, 1, 3): Q-values [0.5734301423337878, 0.24328292358438808, 0.9375453614771365, 0.13277702089320584, 1.2866317454266873]
State (0, 0, 1, 4): Q-values [0.0, 0.0, 0.0, 0.0, 0.1564836140871047]
State (0, 0, 2, 0): Q-values [0.0, 0.0, 0.0, 0.0, 0.0]
State (0, 0, 2, 1): Q-values [0.0, 0.0, 0.04573211421966548, 0.0, 0.0]
State (0, 0, 2, 2): Q-values [0.0, 0.0, 0.0, 0.0, 0.0]
State (0, 0, 2, 3): Q-values [1.3836886145425193, 0.3538834017395202, 0.0, 0.14788085625345743, 0.19302499819099905]
State (0, 0, 2, 4): Q-values [1.8511564819998008, 0.3755128001000162, 0.2333954640315499, 0.13114465048844035, 0.0]
State (0, 0, 3, 0): Q-values [0.0, 0.0, 0.0, 0.0, 0.0]
State (0, 0, 3, 1): Q-values [0.0, 0.0, 0.0, 0.0, 0.0]
State (0, 0, 3, 2): Q-values [0.0, 0.0, 0.0, 0.0, 0.0]
State (0, 0, 3, 3): Q-values [0.0, 0.0, 0.0, 0.0, 0.0]
State (0, 0, 3, 4): Q-values [-0.010994337344169623, 0.2696780779050317, 0.0, 0.0, 0.0]
State (0, 0, 4, 0): Q-values [0.0, 0.0, 0.0, 0.0, 0.0]
State (0, 0, 4, 1): Q-values [-0.3471731699943543, 0.0, 0.0, 0.0, 0.0]
State (0, 0, 4, 2): Q-values [0.0, 0.0, 0.0, -0.6785197147369385, 0.0]
State (0, 0, 4, 3): Q-values [0.0, 0.0, 0.0, 0.0, 0.0]
State (0, 0, 4, 4): Q-values [-0.3636286185503007, -0.06006721673011782, -0.11847295005321513, 0.0, -0.06006721673011782]
State (0, 1, 0, 0): Q-values [0.0, 0.0, 0.0, 0.06711734498739233, 0.0]
State (0, 1, 0, 1): Q-values [7.047696033317471, 0.5029619454256831, 0.1913568867192332, 0.19658255606710587, 0.0]
State (0, 1, 0, 2): Q-values [1.8119110278160535, 0.0, 0.14965694200404525, 0.19842691888903893, 0.0]
State (0, 1, 0, 3): Q-values [0.0, 0.0, 0.0, 0.0, 0.0]
State (0, 1, 0, 4): Q-values [0.0, 0.0, 0.0, 0.0, 0.0]
State (0, 1, 1, 0): Q-values [0.0, 0.0, 0.0, 0.0, 0.1006736315071582]
State (0, 1, 1, 1): Q-values [0.28600704151021084, 0.21578643761277191, 4.016332778168729, 0.23180650175219025, 0.5724991938502425]
State (0, 1, 1, 2): Q-values [1.0828121418747247, 1.0767428722517787, 8.77219586344391, 0.5878879372121751, 0.7039091918418582]
State (0, 1, 1, 3): Q-values [0.0, 0.3226339500953366, 0.389655286282489, 0.19725617831667788, 0.8824643738323881]
State (0, 1, 1, 4): Q-values [0.0, 0.0, 0.0, 0.0, 0.0]
State (0, 1, 2, 0): Q-values [0.0, 0.0, 0.0, 0.0, 0.0]
State (0, 1, 2, 1): Q-values [0.0, 0.0, 0.0, 0.0, 0.0]
State (0, 1, 2, 2): Q-values [0.5221328609433104, 0.0, 0.15748292610819375, 0.16605083584040403, 0.0]
State (0, 1, 2, 3): Q-values [1.5789107482726918, 0.26683052126169204, 0.0, 0.0, 0.0]
State (0, 1, 2, 4): Q-values [0.25878554582595825, 0.5023695320539288, 0.25042552433421433, 0.7260295466049569, 2.233315532688202]
State (0, 1, 3, 0): Q-values [0.0, 0.0, 0.0, 0.0, 0.0]
State (0, 1, 3, 1): Q-values [0.0, 0.0, 0.0, 0.0, 0.0]
State (0, 1, 3, 2): Q-values [0.0, 0.0, 0.0, 0.0, 0.0]
State (0, 1, 3, 3): Q-values [0.0, 0.12328189987326622, 0.0, 0.1856145926402535, 0.09203035821914668]
State (0, 1, 3, 4): Q-values [0.0, 0.0, 0.0, 0.0, 0.0]
State (0, 1, 4, 0): Q-values [0.0, 0.0, 0.0, 0.0, 0.0]
State (0, 1, 4, 1): Q-values [0.0, 0.0, 0.0, 0.0, 0.0]
State (0, 1, 4, 2): Q-values [-0.7905900689125062, 0.0, 0.0, 0.0, 0.0]
State (0, 1, 4, 3): Q-values [0.0, 0.0, 0.0, 0.0, 0.0]
State (0, 1, 4, 4): Q-values [-0.9976926303515438, -0.5183160963849505, -0.4978663726329805, -1.2294023841209412, 0.0]
State (0, 2, 0, 0): Q-values [0.0, 0.0, 0.0, 0.0, 0.0]
State (0, 2, 0, 1): Q-values [0.0, 0.0, 0.0, 0.0, 0.0]
State (0, 2, 0, 2): Q-values [0.0, 0.0, 0.0, 0.0, 0.0]
State (0, 2, 0, 3): Q-values [0.0, 0.0, 0.0, 0.0, 0.0]
State (0, 2, 0, 4): Q-values [0.0, 0.0, 0.0, 0.0, 0.0]
State (0, 2, 1, 0): Q-values [0.0, 0.0, 0.0, 0.0, 0.0]
State (0, 2, 1, 1): Q-values [0.20533026893239076, 0.0, 0.0, 0.0, 0.0]
State (0, 2, 1, 2): Q-values [0.0, 0.0, 0.0, 0.0, 0.0]
State (0, 2, 1, 3): Q-values [0.0, 0.0, 0.0, 0.0, 0.0]
State (0, 2, 1, 4): Q-values [0.0, 0.0, 0.0, 0.0, 0.0]
State (0, 2, 2, 0): Q-values [0.0, 0.0, 0.0, 0.0, 0.0]
State (0, 2, 2, 1): Q-values [0.0, 0.0, 0.0, 0.0, 0.0]
State (0, 2, 2, 2): Q-values [0.0, 0.0, 0.0, 0.0, 0.0]
State (0, 2, 2, 3): Q-values [0.0, 0.0, 0.0, 0.0, 0.0]
State (0, 2, 2, 4): Q-values [0.0, 0.0, 0.0, 0.0, 0.0]
State (0, 2, 3, 0): Q-values [0.0, 0.0, 0.0, 0.0, 0.0]
State (0, 2, 3, 1): Q-values [0.0, 0.0, 0.0, 0.0, 0.0]
State (0, 2, 3, 2): Q-values [0.0, 0.0, 0.0, 0.0, 0.0]
State (0, 2, 3, 3): Q-values [0.0, 0.0, 0.0, 0.0, 0.0]
State (0, 2, 3, 4): Q-values [0.0, 0.0, 0.0, 0.0, 0.0]
State (0, 2, 4, 0): Q-values [0.0, 0.0, 0.0, 0.0, 0.0]
State (0, 2, 4, 1): Q-values [0.0, 0.0, 0.0, 0.0, 0.0]
State (0, 2, 4, 2): Q-values [0.0, 0.0, 0.0, 0.0, 0.0]
State (0, 2, 4, 3): Q-values [0.0, -0.8230672864675522, 0.0, 0.0, 0.0]
State (0, 2, 4, 4): Q-values [-2.2427140259026213, -1.4779584984133196, -0.7423092507839203, -0.7390911006927491, -1.4620157014989985]
State (0, 3, 0, 0): Q-values [0.0, 0.0, 0.0, 0.0, 0.0]
State (0, 3, 0, 1): Q-values [0.0, 0.0, 0.0, 0.0, 0.0]
State (0, 3, 0, 2): Q-values [0.0, 0.0, 0.0, 0.0, 0.0]
State (0, 3, 0, 3): Q-values [0.0, 0.0, 0.0, 0.0, 0.0]
State (0, 3, 0, 4): Q-values [0.0, 0.0, 0.0, 0.0, 0.0]
State (0, 3, 1, 0): Q-values [0.0, 0.0, 0.0, 0.0, 0.0]
State (0, 3, 1, 1): Q-values [0.0, 0.0, 0.0, 0.0, 0.0]
State (0, 3, 1, 2): Q-values [0.0, 0.0, 0.0, 0.0, 0.0]
State (0, 3, 1, 3): Q-values [0.0, 0.0, 0.0, 0.0, 0.0]
State (0, 3, 1, 4): Q-values [0.0, 0.0, 0.0, 0.0, 0.0]
State (0, 3, 2, 0): Q-values [0.0, 0.0, 0.0, 0.0, 0.0]
State (0, 3, 2, 1): Q-values [0.0, 0.0, 0.0, 0.0, 0.0]
State (0, 3, 2, 2): Q-values [0.3143826999306678, 0.0, 0.0, 0.0, 0.0]
State (0, 3, 2, 3): Q-values [0.0, 0.0, 0.0, 0.0, 0.0]
State (0, 3, 2, 4): Q-values [0.0, 0.0, 0.0, 0.0, 0.0]
State (0, 3, 3, 0): Q-values [0.0, 0.0, 0.0, 0.0, 0.0]
State (0, 3, 3, 1): Q-values [0.0, 0.0, 0.0, 0.0, 0.0]
State (0, 3, 3, 2): Q-values [0.0, 0.0, 0.0, 0.0, 0.0]
State (0, 3, 3, 3): Q-values [0.0, 0.0, 0.0, 0.0, 0.0]
State (0, 3, 3, 4): Q-values [0.0, 0.0, 0.0, 0.0, 0.0]
State (0, 3, 4, 0): Q-values [-1.1671154481415749, 0.0, 0.0, 0.0, -0.43160334045505533]
State (0, 3, 4, 1): Q-values [0.0, 0.0, 0.0, 0.0, 0.0]
State (0, 3, 4, 2): Q-values [0.0, 0.0, 0.0, 0.0, 0.0]
State (0, 3, 4, 3): Q-values [0.0, 0.0, 0.0, 0.0, 0.0]
State (0, 3, 4, 4): Q-values [-0.7723107150681352, -0.7810482289299859, 0.0, -0.452049630153656, 0.0]
State (0, 4, 0, 0): Q-values [0.0, 0.0, 0.0, 0.0, 0.0]
State (0, 4, 0, 1): Q-values [0.11973801691762549, 0.0, 0.0, 0.0, 0.0]
State (0, 4, 0, 2): Q-values [0.0, 0.0, 0.0, 0.0, 0.0]
State (0, 4, 0, 3): Q-values [0.0, 0.0, 0.0, 0.0, 0.0]
State (0, 4, 0, 4): Q-values [0.0, 0.0, 0.0, 0.0, 0.0]
State (0, 4, 1, 0): Q-values [0.0, 0.0, 0.0, 0.0, 0.0]
State (0, 4, 1, 1): Q-values [0.0, 0.0, 0.0, 0.0, 0.0]
State (0, 4, 1, 2): Q-values [0.0, 0.0, 0.0, 0.0, 0.0]
State (0, 4, 1, 3): Q-values [0.0, 0.0, 0.0, 0.0, 0.0]
State (0, 4, 1, 4): Q-values [0.0, 0.0, 0.0, 0.0, 0.0]
State (0, 4, 2, 0): Q-values [0.0, 0.0, 0.0, 0.0, 0.0]
State (0, 4, 2, 1): Q-values [0.0, 0.0, 0.0, 0.0, 0.0]
State (0, 4, 2, 2): Q-values [0.0, 0.0, 0.0, 0.0, 0.0]
State (0, 4, 2, 3): Q-values [0.0, 0.0, 0.0, 0.0, 0.0]
State (0, 4, 2, 4): Q-values [0.0, 0.0, 0.0, 0.0, 0.0]
State (0, 4, 3, 0): Q-values [0.0, 0.0, 0.0, 0.0, 0.0]
State (0, 4, 3, 1): Q-values [0.0, 0.0, 0.0, 0.0, 0.0]
State (0, 4, 3, 2): Q-values [0.10107193892002102, 0.0, 0.0, 0.0, 0.0]
State (0, 4, 3, 3): Q-values [0.0, 0.0, 0.0, 0.0, 0.0]
State (0, 4, 3, 4): Q-values [0.0, 0.0, 0.0, 0.0, 0.0]
State (0, 4, 4, 0): Q-values [-0.6721620925903321, 0.04757287852168077, 0.0, 0.0, -0.448125849723816]
State (0, 4, 4, 1): Q-values [-0.09754209692478184, 0.0, 0.0, 0.0, 0.0]
State (0, 4, 4, 2): Q-values [-0.5475285590364936, 0.0, 0.0, 0.0, 0.0]
State (0, 4, 4, 3): Q-values [0.0, 0.0, 0.0, 0.0, 0.0]
State (0, 4, 4, 4): Q-values [-0.7843078158378601, 0.0, -0.5991798133104066, 0.0, -0.7680179523468018]
State (1, 0, 0, 0): Q-values [0.5299406587393576, 0.0, 0.0, 0.3140952486127614, 0.27536948235026826]
State (1, 0, 0, 1): Q-values [3.6402087745555205, 1.708759507122804, 1.091298938778767, 2.0076592265366378, 1.8640901345382717]
State (1, 0, 0, 2): Q-values [3.9522536681735603, 0.0, 0.4199359209567308, 0.504250851456388, 0.6669454746399283]
State (1, 0, 0, 3): Q-values [0.2569988547291864, 0.2052270802861924, 0.9518520911946312, 0.0, 0.0]
State (1, 0, 0, 4): Q-values [0.0, 0.0, 0.2788172695313703, 0.0, 0.0]
State (1, 0, 1, 0): Q-values [1.8645294568292625, 0.0, 0.0, 0.0, 0.0]
State (1, 0, 1, 1): Q-values [7.917931540232017, 0.0, 0.0, 0.0, 0.775948462302703]
State (1, 0, 1, 2): Q-values [2.2933829099329475, 0.0, 0.31247379692941013, 0.0, 0.0]
State (1, 0, 1, 3): Q-values [0.0, 0.2839266574643344, 0.0, 0.5257034834630142, 0.8439648707536238]
State (1, 0, 1, 4): Q-values [1.4704230541681986, 0.47599266713857646, 2.838753797359148, 0.3468819273835185, 5.8166113556065495]
State (1, 0, 2, 0): Q-values [0.0, 0.0, 0.0, 0.0, 0.0]
State (1, 0, 2, 1): Q-values [0.0, 0.0, 0.0, 0.0, 0.0]
State (1, 0, 2, 2): Q-values [0.0, 0.0, 0.0, 0.0, 0.0]
State (1, 0, 2, 3): Q-values [0.6936048731565475, 0.0, 0.0, 0.0, 0.0]
State (1, 0, 2, 4): Q-values [0.776923869209968, 0.47609754556889505, 0.0, 0.0, 0.0]
State (1, 0, 3, 0): Q-values [0.0, 0.0, 0.0, 0.0, 0.0]
State (1, 0, 3, 1): Q-values [0.0, 0.0, 0.0, 0.0, 0.0]
State (1, 0, 3, 2): Q-values [0.0, 0.0, 0.0, 0.0, 0.0]
State (1, 0, 3, 3): Q-values [0.0, 0.0, 0.0, 0.0, 0.0]
State (1, 0, 3, 4): Q-values [1.1076236752115645, 0.0, 0.2782008239388466, 0.0, 0.0]
State (1, 0, 4, 0): Q-values [0.0, 0.0, 0.0, 0.0, 0.0]
State (1, 0, 4, 1): Q-values [0.0, 0.0, 0.0, 0.0, 0.0]
State (1, 0, 4, 2): Q-values [0.0, 0.0, 0.0, 0.0, 0.0]
State (1, 0, 4, 3): Q-values [0.0, 0.0, 0.0, 0.0, 0.0]
State (1, 0, 4, 4): Q-values [0.0, 0.0, 0.0, 0.0, 0.0]
State (1, 1, 0, 0): Q-values [0.0, 2.8236438866937488, 0.0, 0.34612853196561333, 0.0]
State (1, 1, 0, 1): Q-values [0.4419176509516197, 0.38000854025373254, 0.48355690617826186, 0.6008865849636006, 10.40834671709602]
State (1, 1, 0, 2): Q-values [1.0652388215902668, 0.0, 0.0, 0.0, 0.0]
State (1, 1, 0, 3): Q-values [0.0, 0.0, 0.0, 0.0, 0.0]
State (1, 1, 0, 4): Q-values [0.0, 0.0, 0.0, 0.0, 0.0]
State (1, 1, 1, 0): Q-values [0.846359353213165, 0.0, 0.0, 0.0, 5.051132179315773]
State (1, 1, 1, 1): Q-values [7.270970841147221, 5.579368253430016, 7.236177763359833, 7.1682425718794915, 38.94886139079168]
State (1, 1, 1, 2): Q-values [156.32048528345277, 19.573468477627785, 14.294177853478695, 15.150353840753233, 19.7051411831083]
State (1, 1, 1, 3): Q-values [4.818635135057526, 3.056044195062861, 73.47864197200033, 1.6680925921559937, 1.4007213507561684]
State (1, 1, 1, 4): Q-values [1.9164100066372252, 1.4177537707141128, 2.3694490321855266, 18.70140777500973, 1.9013928904916169]
State (1, 1, 2, 0): Q-values [0.0, 0.0, 0.0, 0.0, 0.0]
State (1, 1, 2, 1): Q-values [0.0, 0.0, 0.0, 0.0, 0.0]
State (1, 1, 2, 2): Q-values [1.5220353644088984, 0.358611329228179, 0.0, 0.0, 0.0]
State (1, 1, 2, 3): Q-values [1.311672657789736, 2.5884483179383304, 2.6580191863533305, 7.100162550804153, 1.3689260278453896]
State (1, 1, 2, 4): Q-values [1.1994487294933038, 2.0623485544267366, 2.353839748007621, 23.07191268959117, 0.7722964673548482]
State (1, 1, 3, 0): Q-values [0.0, 0.0, 0.0, 0.0, 0.0]
State (1, 1, 3, 1): Q-values [0.0, 0.0, 0.0, 0.0, 0.0]
State (1, 1, 3, 2): Q-values [0.0, 0.0, 0.0, 0.0, 0.0]
State (1, 1, 3, 3): Q-values [0.0, 0.0, 0.0, 0.0, 0.0]
State (1, 1, 3, 4): Q-values [1.027542113431747, 1.3342235231653672, 1.3613507022971088, 0.31684915814708464, 14.69015368777021]
State (1, 1, 4, 0): Q-values [0.0, 0.0, 0.0, 0.0, 0.0]
State (1, 1, 4, 1): Q-values [0.0, 0.0, 0.0, 0.0, 0.0]
State (1, 1, 4, 2): Q-values [0.0, 0.0, 0.0, 0.0, 0.0]
State (1, 1, 4, 3): Q-values [0.0, 0.0, 0.0, 0.0, 0.0]
State (1, 1, 4, 4): Q-values [-0.051877509068177896, -0.33486848189987434, 0.4073357355494713, 0.10650077578222839, 0.0]
State (1, 2, 0, 0): Q-values [0.0, 0.5290769926190376, 0.0, 0.0, 0.0]
State (1, 2, 0, 1): Q-values [0.0, 0.0, 0.0, 0.0, 0.0]
State (1, 2, 0, 2): Q-values [0.0, 0.0, 0.0, 0.0, 0.0]
State (1, 2, 0, 3): Q-values [0.0, 0.0, 0.0, 0.0, 0.0]
State (1, 2, 0, 4): Q-values [0.0, 0.0, 0.0, 0.0, 0.0]
State (1, 2, 1, 0): Q-values [0.0, 0.0, 0.0, 0.0, 0.0]
State (1, 2, 1, 1): Q-values [1.396323131635703, 0.8730270414803709, 0.49447435178176985, 0.0, 0.5532053258620251]
State (1, 2, 1, 2): Q-values [2.0412096513961564, 14.44880314871184, 0.5369384236795678, 4.132843604971168, 3.134825756144317]
State (1, 2, 1, 3): Q-values [1.4183954834945722, 1.564171703456426, 0.5640459826358747, 0.0, 1.0195896093288133]
State (1, 2, 1, 4): Q-values [0.0, 0.0, 0.0, 0.0, 0.0]
State (1, 2, 2, 0): Q-values [0.0, 0.0, 0.0, 0.0, 0.0]
State (1, 2, 2, 1): Q-values [0.0, 0.0, 0.0, 0.0, 0.0]
State (1, 2, 2, 2): Q-values [0.0, 0.0, 0.47898128733036055, 0.0, 0.0]
State (1, 2, 2, 3): Q-values [1.9886737044188194, 0.9186908167059595, 0.0, 1.0446790085483788, 1.3609939320721602]
State (1, 2, 2, 4): Q-values [1.0616745797578728, 0.0, 2.5747600750510307, 1.0958947869662872, 1.0820705449166992]
State (1, 2, 3, 0): Q-values [0.0, 0.0, 0.0, 0.0, 0.0]
State (1, 2, 3, 1): Q-values [0.0, -0.14056522924619436, 0.0, 0.0, 0.0]
State (1, 2, 3, 2): Q-values [1.8428195701798042, 0.0, 0.0, 0.0, 0.0]
State (1, 2, 3, 3): Q-values [0.744763266314718, 0.514942944601744, 0.4756901610284026, 0.0, 0.0]
State (1, 2, 3, 4): Q-values [0.3308205187439918, 0.0, 1.3669805740410328, 0.0, 0.5545978833220695]
State (1, 2, 4, 0): Q-values [0.0, 0.0, 0.0, 0.0, 0.0]
State (1, 2, 4, 1): Q-values [-0.1028856223106385, 0.0, 0.0, 0.0, 0.0]
State (1, 2, 4, 2): Q-values [0.0, 0.0, 0.0, 0.0, -0.28743614216215674]
State (1, 2, 4, 3): Q-values [0.0, 0.0, 0.0, 0.0, 0.0]
State (1, 2, 4, 4): Q-values [-0.5879502299704084, 0.1632152826137787, -0.3663445797755444, -0.6464803129614877, 0.2890275996208977]
State (1, 3, 0, 0): Q-values [0.0, 0.0, 0.0, 0.0, 0.0]
State (1, 3, 0, 1): Q-values [0.0, 0.0, 0.0, 0.0, 0.0]
State (1, 3, 0, 2): Q-values [0.0, 0.0, 0.0, 0.0, 0.0]
State (1, 3, 0, 3): Q-values [0.0, 0.0, 0.0, 0.0, 0.0]
State (1, 3, 0, 4): Q-values [0.0, 0.0, 0.0, 0.0, 0.0]
State (1, 3, 1, 0): Q-values [0.0, 0.0, 0.0, 0.0, 0.0]
State (1, 3, 1, 1): Q-values [0.30612281585931767, 0.0, 0.2920880624115466, 0.0, 0.30713027129659526]
State (1, 3, 1, 2): Q-values [0.0, 0.0, 0.0, 0.0, 0.0]
State (1, 3, 1, 3): Q-values [0.0, 0.0, 0.0, 0.0, 0.0]
State (1, 3, 1, 4): Q-values [0.0, 0.0, 0.0, 0.0, 0.0]
State (1, 3, 2, 0): Q-values [0.0, 0.0, 0.0, 0.0, 0.0]
State (1, 3, 2, 1): Q-values [0.0, 0.0, 0.0, 0.0, 0.0]
State (1, 3, 2, 2): Q-values [0.0, 0.0, 0.0, 0.0, 0.0]
State (1, 3, 2, 3): Q-values [0.0, 0.0, 0.0, 0.0, 0.0]
State (1, 3, 2, 4): Q-values [0.0, 0.0, 0.0, 0.0, 0.0]
State (1, 3, 3, 0): Q-values [0.0, 0.0, 0.0, 0.0, 0.0]
State (1, 3, 3, 1): Q-values [0.0, 0.0, 0.0, 0.0, 0.0]
State (1, 3, 3, 2): Q-values [0.0, 0.0, 0.0, 0.0, 0.0]
State (1, 3, 3, 3): Q-values [0.0, 0.0, 0.0, 0.0, 0.0]
State (1, 3, 3, 4): Q-values [0.0, 0.0, 0.0, 0.0, 0.0]
State (1, 3, 4, 0): Q-values [0.0, 0.0, 0.0, 0.0, 0.0]
State (1, 3, 4, 1): Q-values [0.0, 0.0, 0.0, 0.0, 0.0]
State (1, 3, 4, 2): Q-values [0.0, 0.0, 0.0, 0.0, 0.0]
State (1, 3, 4, 3): Q-values [0.0, 0.0, 0.0, 0.0, 0.0]
State (1, 3, 4, 4): Q-values [0.2553081016647587, -0.3871421851204015, -1.1540166061065915, 0.06871131627559655, -0.10059099131818303]
State (1, 4, 0, 0): Q-values [0.0, 0.0, 0.0, 0.0, 0.0]
State (1, 4, 0, 1): Q-values [0.08297890421450134, 0.0, 0.0, 0.0, 0.0]
State (1, 4, 0, 2): Q-values [0.0, 0.0, 0.0, 0.0, 0.0]
State (1, 4, 0, 3): Q-values [0.0, 0.0, 0.0, 0.0, 0.0]
State (1, 4, 0, 4): Q-values [0.0, 0.0, 0.0, 0.0, 0.0]
State (1, 4, 1, 0): Q-values [0.0, 0.0, 0.0, 0.0, 0.0]
State (1, 4, 1, 1): Q-values [0.0, 0.0, 0.0, 0.0, 0.0]
State (1, 4, 1, 2): Q-values [0.0, 0.0, 0.0, 0.0, 0.0]
State (1, 4, 1, 3): Q-values [0.0, 0.0, 0.0, 0.0, 0.0]
State (1, 4, 1, 4): Q-values [0.0, 0.0, 0.0, 0.0, 0.0]
State (1, 4, 2, 0): Q-values [0.0, 0.0, 0.0, 0.0, 0.0]
State (1, 4, 2, 1): Q-values [0.0, 0.0, 0.0, 0.0, 0.0]
State (1, 4, 2, 2): Q-values [0.0, 0.0, 0.0, 0.0, 0.0]
State (1, 4, 2, 3): Q-values [0.0, 0.0, 0.0, 0.0, 0.0]
State (1, 4, 2, 4): Q-values [0.0, 0.0, 0.0, 0.0, 0.0]
State (1, 4, 3, 0): Q-values [0.0, 0.0, 0.0, 0.0, 0.0]
State (1, 4, 3, 1): Q-values [0.0, 0.0, 0.0, 0.0, 0.0]
State (1, 4, 3, 2): Q-values [0.22012616281509395, 0.0, 0.0, 0.0, 0.0]
State (1, 4, 3, 3): Q-values [0.0, 0.0, 0.0, 0.0, 0.0]
State (1, 4, 3, 4): Q-values [0.0, 0.0, 0.0, 0.0, 0.0]
State (1, 4, 4, 0): Q-values [0.0, 0.0, 0.20918991174287876, 0.0, 0.0]
State (1, 4, 4, 1): Q-values [-0.3897583877563477, 0.009865422669696852, 0.1133020401209592, 0.0, 0.010548865318298226]
State (1, 4, 4, 2): Q-values [0.0, 0.0, 0.0, 0.0, 0.0]
State (1, 4, 4, 3): Q-values [-1.196964436965259, -0.014491010570526158, 0.0, 0.0, 0.0]
State (1, 4, 4, 4): Q-values [-4.459516061046349, -4.174463106289495, -4.427224137481859, -3.8947327935724996, -3.7958488870495843]
State (2, 0, 0, 0): Q-values [0.0, 0.0, 0.0, 0.0, 0.0]
State (2, 0, 0, 1): Q-values [0.0, 0.0, 0.0, 0.4572323548650732, 0.0]
State (2, 0, 0, 2): Q-values [0.0, 0.0, 0.0, 0.0, 0.0]
State (2, 0, 0, 3): Q-values [0.0, 0.0, 0.0, 0.0, 0.0]
State (2, 0, 0, 4): Q-values [0.0, 0.0, 0.0, 0.0, 0.0]
State (2, 0, 1, 0): Q-values [0.0, 0.0, 0.0, 0.0, 0.0]
State (2, 0, 1, 1): Q-values [1.4868391713317455, 0.0, 0.0, 0.5303252763786991, 0.0]
State (2, 0, 1, 2): Q-values [0.0, 0.0, 0.0, 0.0, 0.0]
State (2, 0, 1, 3): Q-values [0.0, 0.0, 0.0, 0.0, 0.0]
State (2, 0, 1, 4): Q-values [0.0, 0.0, 0.0, 0.0, 0.0]
State (2, 0, 2, 0): Q-values [0.0, 0.0, 0.0, 0.0, 0.0]
State (2, 0, 2, 1): Q-values [0.0, 0.0, 0.0, 0.0, 0.0]
State (2, 0, 2, 2): Q-values [0.0, 0.0, 0.0, 0.0, 0.0]
State (2, 0, 2, 3): Q-values [0.0, 0.9841293306946755, 0.0, 0.0, 0.0]
State (2, 0, 2, 4): Q-values [0.0, 0.0, 0.0, 0.0, 0.0]
State (2, 0, 3, 0): Q-values [0.0, 0.0, 0.0, 0.0, 0.0]
State (2, 0, 3, 1): Q-values [0.0, 0.0, 0.0, 0.0, 0.0]
State (2, 0, 3, 2): Q-values [0.0, 0.0, 0.0, 0.0, 0.0]
State (2, 0, 3, 3): Q-values [0.0, 0.0, 0.0, 0.0, 0.0]
State (2, 0, 3, 4): Q-values [0.0, 0.0, 0.0, 0.0, 0.0]
State (2, 0, 4, 0): Q-values [0.15234712811476467, 0.0, 0.0, 0.0, 0.0]
State (2, 0, 4, 1): Q-values [0.0, 0.0, 0.0, 0.0, 0.0]
State (2, 0, 4, 2): Q-values [0.0, 0.0, 0.0, 0.0, 0.0]
State (2, 0, 4, 3): Q-values [-0.4661139664349493, 0.0, 0.0, 0.0, 0.0]
State (2, 0, 4, 4): Q-values [0.41526629683971406, 0.0, 0.21025880093574514, 0.3730622118234635, 0.18274875756839207]
State (2, 1, 0, 0): Q-values [0.0, 0.0, 0.0, 0.7595105245232582, 0.0]
State (2, 1, 0, 1): Q-values [0.7117837270972549, 0.0, 2.2595390450280513, 0.0, 0.0]
State (2, 1, 0, 2): Q-values [0.0, 0.0, 0.0, 0.0, 0.0]
State (2, 1, 0, 3): Q-values [0.0, 0.0, 0.0, 0.0, 0.0]
State (2, 1, 0, 4): Q-values [0.0, 0.0, 0.0, 0.0, 0.0]
State (2, 1, 1, 0): Q-values [0.6856633374219929, 0.0, 1.3547045071732575, 0.0, 0.0]
State (2, 1, 1, 1): Q-values [11.499103613700235, 1.3343728240801451, 1.1663129772855896, 0.705457235038744, 2.0040294849991795]
State (2, 1, 1, 2): Q-values [17.688804503648868, 231.83249056097938, 20.189320457356008, 20.642175505437876, 21.367945871360916]
State (2, 1, 1, 3): Q-values [239.67151471877008, 18.64222460877195, 14.24871798513307, 22.424145091760558, 21.44212297108298]
State (2, 1, 1, 4): Q-values [1.2434080674175494, 12.986504139803875, 1.2320394233949907, 3.6195791341944052, 2.5636218846306127]
State (2, 1, 2, 0): Q-values [0.0, 0.0, 0.0, 0.0, 0.0]
State (2, 1, 2, 1): Q-values [0.0, 0.0, 0.0, 0.0, 0.0]
State (2, 1, 2, 2): Q-values [1.9009663946772952, 0.0, 4.322342691554436, 0.6449614216045189, 1.5043609464286196]
State (2, 1, 2, 3): Q-values [0.0, 0.0, 0.5621756123282772, 0.0, 0.0]
State (2, 1, 2, 4): Q-values [0.0, 0.0, 0.0, 0.0, 0.0]
State (2, 1, 3, 0): Q-values [0.0, 0.0, 0.0, 0.0, 0.0]
State (2, 1, 3, 1): Q-values [0.0, 0.0, 0.0, 0.0, 0.0]
State (2, 1, 3, 2): Q-values [0.0, 0.0, 0.0, 0.0, 0.0]
State (2, 1, 3, 3): Q-values [0.0, 0.0, 0.0, 0.0, 0.0]
State (2, 1, 3, 4): Q-values [0.0, 0.0, 0.0, 0.0, 0.0]
State (2, 1, 4, 0): Q-values [0.0, 0.0, 0.0, 0.0, 0.0]
State (2, 1, 4, 1): Q-values [0.0, 0.0, 0.5831359834998845, 0.0, 0.0]
State (2, 1, 4, 2): Q-values [0.0, 0.0, 0.0, 0.0, 0.0]
State (2, 1, 4, 3): Q-values [0.0, 0.0, 0.0, 0.0, 0.0]
State (2, 1, 4, 4): Q-values [0.0, 0.0, 0.0, 0.0, 0.0]
State (2, 2, 0, 0): Q-values [0.0, 1.1309079206229156, 0.507147338048099, 0.0, 0.4783088454782963]
State (2, 2, 0, 1): Q-values [0.0, 0.0, 0.0, 0.0, 0.0]
State (2, 2, 0, 2): Q-values [0.0, 0.0, 0.0, 0.0, 0.0]
State (2, 2, 0, 3): Q-values [0.0, 0.0, 0.0, 0.0, 0.0]
State (2, 2, 0, 4): Q-values [0.0, 0.0, 0.0, 0.0, 0.0]
State (2, 2, 1, 0): Q-values [1.9568946269841847, 0.0, 0.9053766460001468, 0.0, 0.0]
State (2, 2, 1, 1): Q-values [12.87676032253606, 2.886788984425934, 1.6217043202635197, 3.4859586979268644, 2.779547038665866]
State (2, 2, 1, 2): Q-values [90.82193488925583, 16.452700409942423, 19.562390496390346, 17.60814645902814, 16.52942608651039]
State (2, 2, 1, 3): Q-values [0.7452725372799046, 3.7169098483904057, 0.0, 0.0, 0.0]
State (2, 2, 1, 4): Q-values [0.0, 0.0, 0.0, 0.0, 0.0]
State (2, 2, 2, 0): Q-values [0.0, 0.0, 0.0, 0.0, 0.0]
State (2, 2, 2, 1): Q-values [0.0, 0.0, 0.0, 0.0, 0.0]
State (2, 2, 2, 2): Q-values [9.450635022323182, 5.251623386878032, 2.566041747974977, 2.4859860145807957, 3.915435094213137]
State (2, 2, 2, 3): Q-values [0.7166268041275257, 4.162231658835434, 0.5760301351547241, 3.091402138501819, 0.6073733568191528]
State (2, 2, 2, 4): Q-values [1.8407425759263574, 0.0, 0.0, 0.0, 0.0]
State (2, 2, 3, 0): Q-values [0.0, 0.0, 0.0, 0.0, 0.0]
State (2, 2, 3, 1): Q-values [0.0, 0.0, 0.0, 0.0, 0.0]
State (2, 2, 3, 2): Q-values [1.02382982445557, 0.0, 0.8480545223744989, 3.606717390199372, 0.0]
State (2, 2, 3, 3): Q-values [1.5585740951695226, 0.6216531699324829, 0.6780985384966117, 1.200694837217345, 0.0]
State (2, 2, 3, 4): Q-values [2.1254356806572376, 0.0, 0.6576856917771544, 0.8718266526541539, 0.8051267890189909]
State (2, 2, 4, 0): Q-values [0.0, 0.0, 0.0, 0.0, 0.0]
State (2, 2, 4, 1): Q-values [0.0, 0.0, 0.0, 0.0, 0.0]
State (2, 2, 4, 2): Q-values [0.0, 0.0, 0.0, 0.0, 0.0]
State (2, 2, 4, 3): Q-values [0.0, 0.0, 0.939396516360901, 0.0, 0.0]
State (2, 2, 4, 4): Q-values [0.18148820232248297, -0.07895099024772648, 1.6890545153345453, 2.627903949432887, 5.00446447363918]
State (2, 3, 0, 0): Q-values [0.0, 0.0, 0.0, 0.0, 0.0]
State (2, 3, 0, 1): Q-values [0.0, 0.0, 0.0, 0.0, 0.0]
State (2, 3, 0, 2): Q-values [0.0, 0.0, 0.0, 0.0, 0.0]
State (2, 3, 0, 3): Q-values [0.0, 0.0, 0.0, 0.0, 0.0]
State (2, 3, 0, 4): Q-values [0.0, 0.0, 0.0, 0.0, 0.0]
State (2, 3, 1, 0): Q-values [0.0, 0.0, 0.0, 0.0, 0.0]
State (2, 3, 1, 1): Q-values [0.8604238449542748, 0.0, 0.0, 0.8192939839482307, 1.8127338106567465]
State (2, 3, 1, 2): Q-values [0.0, 0.0, 0.0, 0.0, 0.0]
State (2, 3, 1, 3): Q-values [0.0, 0.0, 0.0, 0.0, 0.0]
State (2, 3, 1, 4): Q-values [0.0, 0.0, 0.0, 0.0, 0.0]
State (2, 3, 2, 0): Q-values [0.0, 0.0, 0.0, 0.0, 0.0]
State (2, 3, 2, 1): Q-values [0.0, 0.0, 0.0, 0.0, 0.0]
State (2, 3, 2, 2): Q-values [0.8491762766063213, 0.9152667681622895, 2.576637727502896, 0.0, 0.8936689118977117]
State (2, 3, 2, 3): Q-values [0.8636810300534872, 0.0, 0.0, 0.0, 0.0]
State (2, 3, 2, 4): Q-values [0.0, 0.0, 0.0, 0.0, 0.0]
State (2, 3, 3, 0): Q-values [0.0, 0.0, 0.0, 0.0, 0.0]
State (2, 3, 3, 1): Q-values [0.0, 0.0, 0.0, 0.0, 0.0]
State (2, 3, 3, 2): Q-values [0.0, 0.0, 0.0, 0.0, 0.0]
State (2, 3, 3, 3): Q-values [0.9895770919322968, 0.0, 0.0, 0.0, 0.0]
State (2, 3, 3, 4): Q-values [0.0, 0.0, 0.0, 0.0, 0.7313369793176651]
State (2, 3, 4, 0): Q-values [0.0, 0.0, 0.0, 0.0, 0.0]
State (2, 3, 4, 1): Q-values [-0.06877956595420841, 0.0, 0.29507797255516044, 0.0, 0.0]
State (2, 3, 4, 2): Q-values [-0.11866209630966196, -0.14142403910384424, -0.11243399553298958, 0.0, 0.0]
State (2, 3, 4, 3): Q-values [0.0, 0.0, 0.0, 0.0, 0.0]
State (2, 3, 4, 4): Q-values [0.8218913761510855, 2.0992831601392874, 1.1267943758907197, 2.128276424877809, 1.0362594816831172]
State (2, 4, 0, 0): Q-values [0.0, 0.0, 0.0, 0.0, 0.0]
State (2, 4, 0, 1): Q-values [0.0, 0.0, 0.0, 0.0, 0.0]
State (2, 4, 0, 2): Q-values [0.0, 0.0, 0.0, 0.0, 0.0]
State (2, 4, 0, 3): Q-values [0.0, 0.0, 0.0, 0.0, 0.0]
State (2, 4, 0, 4): Q-values [0.0, 0.0, 0.0, 0.0, 0.0]
State (2, 4, 1, 0): Q-values [0.0, 0.0, 0.0, 0.0, 0.0]
State (2, 4, 1, 1): Q-values [0.0, 0.0, 0.0, 0.0, 0.0]
State (2, 4, 1, 2): Q-values [0.0, 0.0, 0.0, 0.0, 0.0]
State (2, 4, 1, 3): Q-values [0.0, 0.0, 0.0, 0.0, 0.0]
State (2, 4, 1, 4): Q-values [0.0, 0.0, 0.0, 0.0, 0.0]
State (2, 4, 2, 0): Q-values [0.0, 0.0, 0.0, 0.0, 0.0]
State (2, 4, 2, 1): Q-values [0.0, 0.0, 0.0, 0.0, 0.0]
State (2, 4, 2, 2): Q-values [0.0, 0.0, 0.0, 0.0, 0.0]
State (2, 4, 2, 3): Q-values [0.0, 0.0, 0.0, 0.0, 0.0]
State (2, 4, 2, 4): Q-values [0.0, 0.0, 0.0, 0.0, 0.0]
State (2, 4, 3, 0): Q-values [0.0, 0.0, 0.0, 0.0, 0.0]
State (2, 4, 3, 1): Q-values [0.0, 0.0, 0.0, 0.0, 0.0]
State (2, 4, 3, 2): Q-values [0.0, 0.0, 0.0, 0.0, 0.0]
State (2, 4, 3, 3): Q-values [0.0, 0.0, 0.0, 0.0, 0.0]
State (2, 4, 3, 4): Q-values [0.0, 0.0, 0.0, 0.0, 0.0]
State (2, 4, 4, 0): Q-values [0.0, 0.0, 0.0, 0.0, 0.0]
State (2, 4, 4, 1): Q-values [0.17287482380867006, 0.0, 0.0, 0.0, 0.4100236909866332]
State (2, 4, 4, 2): Q-values [0.0, 0.0, 0.0, 0.0, 0.0]
State (2, 4, 4, 3): Q-values [0.4535838409971045, 0.0, 0.0, 0.0, 0.0]
State (2, 4, 4, 4): Q-values [-1.4347923064701427, -1.2583887026872602, -1.6033516151882354, -1.2554361579435551, -0.951971351094818]
State (3, 0, 0, 0): Q-values [0.0, 0.0, -0.10415474901199347, 0.0, 0.0]
State (3, 0, 0, 1): Q-values [0.0, 0.0, 0.8923693515001145, 0.0, 0.0]
State (3, 0, 0, 2): Q-values [0.0, 0.0, 0.0, 0.0, 0.0]
State (3, 0, 0, 3): Q-values [0.0, 0.0, 0.0, 0.0, 0.0]
State (3, 0, 0, 4): Q-values [0.0, 0.0, 0.0, 0.0, 0.0]
State (3, 0, 1, 0): Q-values [0.0, 0.0, 0.0, 0.0, 0.0]
State (3, 0, 1, 1): Q-values [0.0, 0.0, 0.0, 0.0, 0.0]
State (3, 0, 1, 2): Q-values [0.0, 0.0, 0.0, 0.0, 0.0]
State (3, 0, 1, 3): Q-values [0.9575759950463504, 0.0, 0.0, 0.0, 0.0]
State (3, 0, 1, 4): Q-values [0.0, 0.0, 0.0, 0.0, 0.0]
State (3, 0, 2, 0): Q-values [0.0, 0.0, 0.0, 0.0, 0.0]
State (3, 0, 2, 1): Q-values [0.0, 0.0, 0.0, 0.0, 0.0]
State (3, 0, 2, 2): Q-values [0.0, 0.0, 0.0, 0.0, 0.0]
State (3, 0, 2, 3): Q-values [0.0, 0.0, 0.0, 0.0, 0.0]
State (3, 0, 2, 4): Q-values [0.0, 0.0, 0.0, 0.0, 0.0]
State (3, 0, 3, 0): Q-values [0.0, 0.0, 0.0, 0.0, 0.0]
State (3, 0, 3, 1): Q-values [0.0, 0.0, 0.0, 0.0, 0.0]
State (3, 0, 3, 2): Q-values [0.0, 0.0, 0.0, 0.0, 0.0]
State (3, 0, 3, 3): Q-values [0.0, 0.0, 0.0, 0.0, 0.0]
State (3, 0, 3, 4): Q-values [0.0, 0.0, 0.0, 0.0, 0.0]
State (3, 0, 4, 0): Q-values [0.0, 0.0, 0.0, 0.0, 0.0]
State (3, 0, 4, 1): Q-values [0.0, 0.0, 0.0, 0.0, 0.0]
State (3, 0, 4, 2): Q-values [0.0, 0.0, 0.0, 0.0, 0.0]
State (3, 0, 4, 3): Q-values [0.0, 0.0, 0.0, 0.0, 0.0]
State (3, 0, 4, 4): Q-values [0.21025880093574514, 0.0, 0.0, 0.0, 0.0]
State (3, 1, 0, 0): Q-values [0.8169656442165375, 0.0, 0.0, 0.0, 0.7736418448060751]
State (3, 1, 0, 1): Q-values [0.0, 0.0, 0.0, 0.0, 0.0]
State (3, 1, 0, 2): Q-values [0.0, 0.0, 0.0, 0.0, 0.0]
State (3, 1, 0, 3): Q-values [0.0, 0.0, 0.0, 0.0, 0.0]
State (3, 1, 0, 4): Q-values [0.0, 0.0, 0.0, 0.0, 0.0]
State (3, 1, 1, 0): Q-values [0.0, 0.0, 0.0, 0.0, 0.0]
State (3, 1, 1, 1): Q-values [0.0, 1.03376424709418, 0.0, 0.0, 0.849509709995985]
State (3, 1, 1, 2): Q-values [53.59499345925485, 62.086054549704535, 60.04796319350623, 68.56617269762351, 568.4936732829324]
State (3, 1, 1, 3): Q-values [9.933083833754248, 4.090245307704198, 6.250820647353414, 5.003879717236164, 34.41470717223788]
State (3, 1, 1, 4): Q-values [0.0, 0.0, 1.7883119194550252, 0.0, 0.0]
State (3, 1, 2, 0): Q-values [0.0, 0.0, 0.0, 0.0, 0.0]
State (3, 1, 2, 1): Q-values [0.0, 0.0, 0.0, 0.0, 0.0]
State (3, 1, 2, 2): Q-values [1.9996494542003869, 0.0, 0.0, 0.0, 0.9845377206802368]
State (3, 1, 2, 3): Q-values [1.0, 1.0334173939806113, 0.0, 0.0, 0.0]
State (3, 1, 2, 4): Q-values [0.0, 0.0, 0.0, 0.0, 0.0]
State (3, 1, 3, 0): Q-values [0.0, 0.0, 0.0, 0.0, 0.0]
State (3, 1, 3, 1): Q-values [0.0, 0.0, 0.0, 0.0, 0.0]
State (3, 1, 3, 2): Q-values [0.0, 0.0, 0.0, 0.0, 0.0]
State (3, 1, 3, 3): Q-values [0.0, 0.0, 0.0, 0.0, 0.0]
State (3, 1, 3, 4): Q-values [0.0, 0.0, 0.0, 0.0, 0.0]
State (3, 1, 4, 0): Q-values [0.0, 0.0, 0.0, 0.0, 0.0]
State (3, 1, 4, 1): Q-values [0.0, 0.0, 0.0, 0.0, 0.0]
State (3, 1, 4, 2): Q-values [0.0, 0.0, 0.0, 0.0, 0.0]
State (3, 1, 4, 3): Q-values [0.0, 0.0, 0.0, 0.0, 0.0]
State (3, 1, 4, 4): Q-values [0.0, 0.0, 0.0, 0.0, 0.0]
State (3, 2, 0, 0): Q-values [0.7392143103986979, 0.0, 0.0, 0.0, 0.0]
State (3, 2, 0, 1): Q-values [0.0, 0.0, 0.0, 0.0, 0.0]
State (3, 2, 0, 2): Q-values [0.0, 0.0, 0.0, 0.0, 0.0]
State (3, 2, 0, 3): Q-values [0.0, 0.0, 0.0, 0.0, 0.0]
State (3, 2, 0, 4): Q-values [0.0, 0.0, 0.0, 0.0, 0.0]
State (3, 2, 1, 0): Q-values [0.0, 0.0, 0.0, 0.0, 0.0]
State (3, 2, 1, 1): Q-values [1.9821129005541271, 49.048985515849175, 0.0, 4.982288633058336, 7.727078035112934]
State (3, 2, 1, 2): Q-values [78.44873958278976, 581.8857069749639, 111.24987869584814, 98.09086962179205, 77.78019449847876]
State (3, 2, 1, 3): Q-values [0.9114573145860707, 0.0, 1.0591497005235828, 3.6674807890935974, 27.512589335611082]
State (3, 2, 1, 4): Q-values [0.0, 0.0, 0.0, 0.0, 0.0]
State (3, 2, 2, 0): Q-values [0.0, 0.0, 0.0, 0.0, 0.0]
State (3, 2, 2, 1): Q-values [0.0, 0.0, 0.0, 0.0, 0.0]
State (3, 2, 2, 2): Q-values [5.734899287676001, 0.9303363142379696, 2.7971515890996503, 1.8605642481096587, 0.9549370790825815]
State (3, 2, 2, 3): Q-values [0.0, 0.0, 0.0, 0.0, 0.0]
State (3, 2, 2, 4): Q-values [0.0, 0.0, 0.0, 0.0, 0.0]
State (3, 2, 3, 0): Q-values [0.0, 0.0, 0.0, 0.0, 0.0]
State (3, 2, 3, 1): Q-values [0.0, 0.0, 0.0, 0.0, 0.0]
State (3, 2, 3, 2): Q-values [4.615536813061381, 1.6770076830879685, 0.0, 0.0, 0.0]
State (3, 2, 3, 3): Q-values [0.9142486592650413, 0.0, 0.0, 0.8660065630809289, 0.0]
State (3, 2, 3, 4): Q-values [0.983395774319756, 2.7355007041877597, 1.0115297667649943, 0.9762412973648266, 0.9762412973648266]
State (3, 2, 4, 0): Q-values [0.0, 0.0, 0.0, 0.0, 0.0]
State (3, 2, 4, 1): Q-values [0.0, 0.0, 0.0, 0.0, 0.0]
State (3, 2, 4, 2): Q-values [0.0, 0.0, 0.0, 0.0, 0.0]
State (3, 2, 4, 3): Q-values [0.0, 0.0, 0.0, 0.0, 0.0]
State (3, 2, 4, 4): Q-values [0.0, 0.0, 0.0, 0.0, 0.1283277370929717]
State (3, 3, 0, 0): Q-values [0.0, 0.0, 0.0, 0.0, 0.0]
State (3, 3, 0, 1): Q-values [0.0, 0.0, 0.0, 0.0, 0.0]
State (3, 3, 0, 2): Q-values [0.0, 0.0, 0.0, 0.0, 0.0]
State (3, 3, 0, 3): Q-values [0.0, 0.0, 0.0, 0.0, 0.0]
State (3, 3, 0, 4): Q-values [0.0, 0.0, 0.0, 0.0, 0.0]
State (3, 3, 1, 0): Q-values [0.0, 0.0, 0.9167075744509697, 0.0, 0.0]
State (3, 3, 1, 1): Q-values [0.0, 0.8794750509142876, 4.266551843758247, 0.8296812485814095, 0.0]
State (3, 3, 1, 2): Q-values [2.0640151277787826, 5.408533555980655, 2.0359468201602438, 0.0, 0.0]
State (3, 3, 1, 3): Q-values [0.0, 0.0, 0.0, 0.0, 0.0]
State (3, 3, 1, 4): Q-values [0.0, 0.0, 0.0, 0.0, 0.0]
State (3, 3, 2, 0): Q-values [0.0, 0.0, 0.0, 0.0, 0.0]
State (3, 3, 2, 1): Q-values [0.0, 0.0, 1.0381777715668934, 0.0, 0.0]
State (3, 3, 2, 2): Q-values [21.596416492324398, 6.152203846161202, 5.240704956617775, 7.428623248806927, 6.279412861520755]
State (3, 3, 2, 3): Q-values [0.0, 0.0, 0.0, 0.0, 0.0]
State (3, 3, 2, 4): Q-values [0.0, 0.0, 0.0, 0.0, 0.0]
State (3, 3, 3, 0): Q-values [0.0, 0.0, 0.0, 0.0, 0.0]
State (3, 3, 3, 1): Q-values [0.0, 0.0, 0.0, 0.8720690461517213, 0.0]
State (3, 3, 3, 2): Q-values [1.0183278075092892, 0.0, 0.0, 0.0, 0.0]
State (3, 3, 3, 3): Q-values [0.0, 0.0, 0.0, 0.0, 0.0]
State (3, 3, 3, 4): Q-values [0.0, 0.0, 0.0, 0.0, 0.0]
State (3, 3, 4, 0): Q-values [0.0, 0.0, 0.0, 0.0, 0.0]
State (3, 3, 4, 1): Q-values [0.0, 0.0, 0.0, 0.0, 0.0]
State (3, 3, 4, 2): Q-values [0.0, 0.0, 0.0, 0.0, 0.0]
State (3, 3, 4, 3): Q-values [0.0, 0.0, 0.0, 0.0, 0.0]
State (3, 3, 4, 4): Q-values [0.803619431036212, 0.0, 0.0, 0.0, 0.0]
State (3, 4, 0, 0): Q-values [0.0, 0.0, 0.0, 0.0, 0.0]
State (3, 4, 0, 1): Q-values [0.0, 0.0, 0.0, 0.0, 0.8790753145992756]
State (3, 4, 0, 2): Q-values [0.0, 0.0, 0.0, 0.0, 0.0]
State (3, 4, 0, 3): Q-values [0.0, 0.0, 0.0, 0.0, 0.0]
State (3, 4, 0, 4): Q-values [0.0, 0.0, 0.0, 0.0, 0.0]
State (3, 4, 1, 0): Q-values [0.0, 0.0, 0.0, 0.0, 0.0]
State (3, 4, 1, 1): Q-values [1.0149916165195434, 2.9093238811757316, 0.8655567197681306, 0.0, 0.0]
State (3, 4, 1, 2): Q-values [0.0, 0.0, 0.0, 0.0, 0.0]
State (3, 4, 1, 3): Q-values [0.0, 0.0, 0.0, 0.0, 0.0]
State (3, 4, 1, 4): Q-values [0.0, 0.0, 0.0, 0.0, 0.0]
State (3, 4, 2, 0): Q-values [0.0, 0.0, 0.0, 0.0, 0.0]
State (3, 4, 2, 1): Q-values [0.0, 1.009125936418772, 0.9218117594718933, 4.867293523099708, 0.0]
State (3, 4, 2, 2): Q-values [0.0, 0.0, 0.0, 0.0, 0.0]
State (3, 4, 2, 3): Q-values [0.0, 0.0, 0.0, 0.0, 0.0]
State (3, 4, 2, 4): Q-values [0.0, 0.0, 0.0, 0.0, 0.0]
State (3, 4, 3, 0): Q-values [0.0, 0.0, 0.0, 0.0, 0.0]
State (3, 4, 3, 1): Q-values [0.0, 0.0, 0.0, 0.0, 0.7530295145988464]
State (3, 4, 3, 2): Q-values [0.0, 0.0, 0.0, 0.0, 0.0]
State (3, 4, 3, 3): Q-values [0.0, 0.0, 0.0, 0.0, 0.0]
State (3, 4, 3, 4): Q-values [0.0, 0.0, 0.0, 0.0, 0.0]
State (3, 4, 4, 0): Q-values [0.5415268265600204, 0.0, 0.0, 0.0, 0.0]
State (3, 4, 4, 1): Q-values [1.7349919562472045, 2.273080574780659, 0.707212990283966, 0.0, 0.0]
State (3, 4, 4, 2): Q-values [0.1929147041779279, 0.1573046960353851, 0.0, 1.2333086955965118, 0.0]
State (3, 4, 4, 3): Q-values [0.319854147562482, 0.07798685677807, 0.10846025269297638, 0.0027811483358210253, 0.0318524508001441]
State (3, 4, 4, 4): Q-values [6.253430043921909, 2.1639138696540603, 3.057357903772744, 2.3202035968502472, 3.0712127907857916]
State (4, 0, 0, 0): Q-values [0.8202812320083379, 0.0, 0.847930751846076, 0.0, 0.0]
State (4, 0, 0, 1): Q-values [3.4509777509070285, 4.2197149055876615, 3.5162657720534534, 5.275537298147542, 12.757533554561642]
State (4, 0, 0, 2): Q-values [0.0, 2.6296456791007894, 7.000485939198112, 0.8867649207657298, 0.8882748924694359]
State (4, 0, 0, 3): Q-values [0.0, 0.0, 0.0, 0.9129118062366195, 0.8615228308127603]
State (4, 0, 0, 4): Q-values [0.894989268947407, 0.0, 1.7313591584770944, 0.0, 0.0]
State (4, 0, 1, 0): Q-values [0.0, 0.0, 0.0, 0.0, 0.0]
State (4, 0, 1, 1): Q-values [0.0, 0.0, 1.4366509105919807, 0.0, 0.0]
State (4, 0, 1, 2): Q-values [0.9762303136218734, 0.05742936190815369, 0.0, 2.082904780676411, 8.465425143125819]
State (4, 0, 1, 3): Q-values [4.681654498153417, 2.882745497381318, 0.0, 0.0, 5.7727964711882676]
State (4, 0, 1, 4): Q-values [0.9431788674559372, 0.8884959562122822, 0.8921781628847029, 1.8134272819878978, 3.615064992825617]
State (4, 0, 2, 0): Q-values [0.0, 0.0, 0.0, 0.0, 0.0]
State (4, 0, 2, 1): Q-values [0.0, 0.0, 0.0, 0.0, 0.0]
State (4, 0, 2, 2): Q-values [0.0, 0.0, 0.0, 0.0, 0.0]
State (4, 0, 2, 3): Q-values [0.0, 0.0, 1.1637145802567939, 0.0, 0.0]
State (4, 0, 2, 4): Q-values [1.0277057545018993, 1.2323054966986933, 0.0, 0.0, 0.0]
State (4, 0, 3, 0): Q-values [0.0, 0.0, 0.0, 0.0, 0.0]
State (4, 0, 3, 1): Q-values [0.0, 0.0, 0.0, 0.0, 0.0]
State (4, 0, 3, 2): Q-values [0.0, 0.0, 0.0, 0.0, 0.0]
State (4, 0, 3, 3): Q-values [0.0, 0.0, 0.0, 0.0, 0.0]
State (4, 0, 3, 4): Q-values [1.7639950565888225, 0.0, 0.9396715289914704, 0.7014959655834752, 3.0097890804707843]
State (4, 0, 4, 0): Q-values [0.015443700397299738, 0.0, 0.0, 0.0, 0.0]
State (4, 0, 4, 1): Q-values [0.0, 0.0, 0.0, 0.0, 0.0]
State (4, 0, 4, 2): Q-values [0.0, 0.0, 0.0, 0.0, 0.0]
State (4, 0, 4, 3): Q-values [0.0, 0.0, 0.0, 0.0, 0.0]
State (4, 0, 4, 4): Q-values [1.5981454088379867, 0.6020780746259484, 1.4195135628779192, 2.0118089302285025, 1.0398291053543083]
State (4, 1, 0, 0): Q-values [0.8487435711036979, 0.0, 1.340687390563479, 0.0, 0.0]
State (4, 1, 0, 1): Q-values [3.5229572699711396, 1.7758038909819256, 0.8962933566394771, 8.700035503480375, 2.6728673408517936]
State (4, 1, 0, 2): Q-values [2.616135600333887, 0.0, 0.0, 0.0, 0.0]
State (4, 1, 0, 3): Q-values [0.0, 0.0, 0.0, 0.0, 0.0]
State (4, 1, 0, 4): Q-values [0.0, 0.0, 0.0, 0.0, 0.0]
State (4, 1, 1, 0): Q-values [0.0, 0.0, 0.0, 0.0, 0.0]
State (4, 1, 1, 1): Q-values [2.9521821564403394, 2.824837163185487, 2.879168013021476, 4.58068149825117, 6.3143778700841695]
State (4, 1, 1, 2): Q-values [728.2359482804808, 79.52582812928365, 70.96689020182534, 89.79678132384367, 99.36693643309437]
State (4, 1, 1, 3): Q-values [38.81944022204343, 14.850102289180438, 6.909444791883634, 10.933863393527314, 13.057573335303204]
State (4, 1, 1, 4): Q-values [1.969797716301168, 3.148414081521295, 6.835770870650011, 3.0314172168362834, 1.0494118082349655]
State (4, 1, 2, 0): Q-values [0.0, 0.0, 0.0, 0.0, 0.0]
State (4, 1, 2, 1): Q-values [0.0, 0.0, 0.0, 0.0, 0.0]
State (4, 1, 2, 2): Q-values [0.0, 0.0, 0.0, 0.0, 0.0]
State (4, 1, 2, 3): Q-values [0.0, 0.0, 0.0, 0.0, 0.0]
State (4, 1, 2, 4): Q-values [4.020206803608319, 3.019487229566076, 2.02969208019601, 0.0, 4.126658090030606]
State (4, 1, 3, 0): Q-values [0.0, 0.0, 0.0, 0.0, 0.0]
State (4, 1, 3, 1): Q-values [0.0, 0.0, 0.0, 0.0, 0.0]
State (4, 1, 3, 2): Q-values [0.0, 0.0, 0.0, 0.0, 0.0]
State (4, 1, 3, 3): Q-values [0.0, 0.0, 0.8251701590120791, 0.0, 0.0]
State (4, 1, 3, 4): Q-values [0.0, 0.9362913930976486, 0.0, 0.0, 0.0]
State (4, 1, 4, 0): Q-values [0.0, 0.0, 0.0, 0.0, 0.0]
State (4, 1, 4, 1): Q-values [0.0, 0.0, 0.0, 0.0, 0.0]
State (4, 1, 4, 2): Q-values [0.0, 0.0, 0.0, 0.0, 0.0]
State (4, 1, 4, 3): Q-values [0.0, 0.0, 0.0, 0.8169656442165375, 0.6231971899070883]
State (4, 1, 4, 4): Q-values [-0.09983407660484325, 1.8810101229277276, 1.41547304082949, 0.0, 0.9019156000375748]
State (4, 2, 0, 0): Q-values [0.0, 0.0, 0.0, 1.6692622615126735, 1.7827541041556896]
State (4, 2, 0, 1): Q-values [3.9857420872014977, 0.0, 0.0, 1.7600400441778095, 0.8847411054909229]
State (4, 2, 0, 2): Q-values [0.8890981501876497, 0.0, 0.0, 0.0, 0.0]
State (4, 2, 0, 3): Q-values [0.0, 0.0, 0.0, 0.0, 0.0]
State (4, 2, 0, 4): Q-values [0.0, 0.0, 0.0, 0.0, 0.0]
State (4, 2, 1, 0): Q-values [0.0, 0.0, 0.0, 0.0, 0.0]
State (4, 2, 1, 1): Q-values [52.30118966867448, 7.459518555384866, 8.751950741600105, 23.747234812851556, 1.0979635450527807]
State (4, 2, 1, 2): Q-values [745.9608486008005, 178.01599937977366, 154.9293670405368, 180.2511682270511, 159.6316814709643]
State (4, 2, 1, 3): Q-values [0.0, 0.0, 0.0, 0.0, 0.0]
State (4, 2, 1, 4): Q-values [0.0, 0.0, 0.0, 0.0, 0.0]
State (4, 2, 2, 0): Q-values [0.0, 0.0, 0.0, 0.0, 0.0]
State (4, 2, 2, 1): Q-values [0.0, 0.0, 0.0, 0.0, 0.0]
State (4, 2, 2, 2): Q-values [1.0099, 1.999998980299, 0.0, 2.34105940069363, 0.0]
State (4, 2, 2, 3): Q-values [0.0, 0.0, 0.0, 1.2953344199149366, 0.0]
State (4, 2, 2, 4): Q-values [3.956083650942018, 1.0, 1.0115297667649943, 1.1646229055549882, 1.0115297667649943]
State (4, 2, 3, 0): Q-values [0.0, 0.0, 0.0, 0.0, 0.0]
State (4, 2, 3, 1): Q-values [0.0, 0.0, 0.0, 0.0, 0.0]
State (4, 2, 3, 2): Q-values [0.0, 1.0341821884559854, 0.0, 5.783914700211595, 0.0]
State (4, 2, 3, 3): Q-values [0.0, 0.0, 0.0, 0.0, 0.0]
State (4, 2, 3, 4): Q-values [0.0, 1.962998429615952, 1.8464204075828676, 0.9939067295502183, 0.9435233879804611]
State (4, 2, 4, 0): Q-values [0.0, 0.0, 0.10824103207588195, 0.0, 0.0]
State (4, 2, 4, 1): Q-values [0.0, 0.0, 0.0, 0.0, 0.0]
State (4, 2, 4, 2): Q-values [0.0, 0.0, 0.0, 0.0, 0.0]
State (4, 2, 4, 3): Q-values [0.0, 0.0, 0.0, 0.0, 0.0]
State (4, 2, 4, 4): Q-values [0.2461095856372361, 0.0, 0.0, 0.6917418907403945, -0.2710092128442061]
State (4, 3, 0, 0): Q-values [0.0, 0.0, 0.0, 0.0, 0.0]
State (4, 3, 0, 1): Q-values [4.60922213999742, 0.0, 0.0, 0.0, 1.3507485906254593]
State (4, 3, 0, 2): Q-values [0.0, 0.0, 0.0, 0.0, 0.0]
State (4, 3, 0, 3): Q-values [0.0, 0.0, 0.0, 0.0, 0.0]
State (4, 3, 0, 4): Q-values [0.0, 0.0, 0.0, 0.0, 0.0]
State (4, 3, 1, 0): Q-values [0.0, 0.0, 0.0, 0.0, 0.0]
State (4, 3, 1, 1): Q-values [11.153783465944251, 7.77124893460895, 114.31665053771103, 10.890125871564893, 6.113446441598862]
State (4, 3, 1, 2): Q-values [174.35141787770726, 18.07524837496763, 14.169809555895291, 15.468695762749327, 14.131353202102549]
State (4, 3, 1, 3): Q-values [1.984579941060433, 0.0, 0.0, 0.0, 0.0]
State (4, 3, 1, 4): Q-values [0.0, 0.0, 0.0, 0.0, 0.0]
State (4, 3, 2, 0): Q-values [0.0, 0.0, 0.0, 0.0, 0.0]
State (4, 3, 2, 1): Q-values [1.0592871811779714, 1.0099, 5.98860415939104, 4.0963164254942495, 2.265397767756224]
State (4, 3, 2, 2): Q-values [5.418916242961328, 9.295133809577035, 5.334984956122607, 16.97437929975964, 6.258816387296473]
State (4, 3, 2, 3): Q-values [0.0, 0.0, 0.0, 0.0, 0.0]
State (4, 3, 2, 4): Q-values [0.0, 0.0, 0.0, 0.0, 0.0]
State (4, 3, 3, 0): Q-values [0.0, 0.0, 0.0, 0.0, 0.0]
State (4, 3, 3, 1): Q-values [0.0, 0.0, 0.0, 0.0, 0.0]
State (4, 3, 3, 2): Q-values [2.2394046232858615, 1.0249015801853918, 11.564156067575192, 3.112723231560752, 0.0]
State (4, 3, 3, 3): Q-values [1.7701834262764453, 0.0, 0.0, 0.0, 0.0]
State (4, 3, 3, 4): Q-values [1.8368961285275915, 0.0, 6.893391295398773, 0.0, 1.8767091497246184]
State (4, 3, 4, 0): Q-values [0.0, 0.0, 0.0, 0.0, 0.0]
State (4, 3, 4, 1): Q-values [0.0, 0.0, 0.0, 0.0, 0.0]
State (4, 3, 4, 2): Q-values [0.8810533416986465, 0.0, 0.0, 0.0, 0.0]
State (4, 3, 4, 3): Q-values [9.588684824605618, 0.0, 0.0, 0.0, 0.0]
State (4, 3, 4, 4): Q-values [1.6690699078969777, 0.0, 0.0, 0.0, 0.0]
State (4, 4, 0, 0): Q-values [5.005891360985126, 1.7432906482183932, 0.0, 0.0, 0.9621528939723707]
State (4, 4, 0, 1): Q-values [12.317293730405911, 6.5401442680277615, 55.896190059803644, 15.383399487721773, 9.191709181469085]
State (4, 4, 0, 2): Q-values [1.4139816316842457, 0.0, 0.0, 0.0, 0.0]
State (4, 4, 0, 3): Q-values [0.0, 0.0, 0.0, 0.0, 0.0]
State (4, 4, 0, 4): Q-values [0.0, 0.0, 0.0, 0.0, 0.0]
State (4, 4, 1, 0): Q-values [7.381169073143071, 2.0057946726598948, 1.877489772247566, 0.0, 0.9368840226815516]
State (4, 4, 1, 1): Q-values [80.5923916679144, 86.9222273236532, 75.05540239569424, 72.33356531703895, 420.4016563925771]
State (4, 4, 1, 2): Q-values [34.938592546218295, 24.586960423326307, 245.57573002597937, 26.010955572823597, 29.74429596645432]
State (4, 4, 1, 3): Q-values [0.0, 0.9640712972850863, 0.9977731916908552, 3.9021863668538894, 1.010174286969569]
State (4, 4, 1, 4): Q-values [4.090212011056861, 0.9272386859172029, 0.0, 2.0697213933455596, 2.8635923846432054]
State (4, 4, 2, 0): Q-values [0.0, 2.827135148242086, 0.0, 0.0, 0.0]
State (4, 4, 2, 1): Q-values [14.610689838966925, 19.405792963168565, 170.07537751489826, 15.850298073645611, 14.511087873549727]
State (4, 4, 2, 2): Q-values [19.950105445655726, 2.11862102532229, 2.003668986598621, 2.2264518503913573, 5.050256270986654]
State (4, 4, 2, 3): Q-values [0.0, 0.0, 0.0, 0.0, 0.0]
State (4, 4, 2, 4): Q-values [32.25123039846786, 7.448165846555788, 4.439768767554446, 6.271854279197743, 3.9599390045046805]
State (4, 4, 3, 0): Q-values [2.701965602773348, 0.0, 0.9087402806610768, 0.0, 0.0]
State (4, 4, 3, 1): Q-values [15.945425796489102, 15.558544375243923, 140.37678673534634, 8.785759990908968, 13.23257720754324]
State (4, 4, 3, 2): Q-values [3.879150351890978, 2.487411943798144, 30.227387814824162, 3.091877521515733, 5.92439444331911]
State (4, 4, 3, 3): Q-values [0.9083775395870208, 0.0, 1.853675356695846, 3.677353465494284, 0.9517217372202101]
State (4, 4, 3, 4): Q-values [4.092491543521706, 22.51618099428959, 2.443373335815429, 2.021095311567602, 1.9932455116338765]
State (4, 4, 4, 0): Q-values [3.039934353933385, 1.9221400099417991, 7.812205109220647, 0.9925947714377941, 0.6336495453528875]
State (4, 4, 4, 1): Q-values [24.55151492617331, 26.4451938456902, 256.9537734272673, 37.5225665988493, 32.43584538448032]
State (4, 4, 4, 2): Q-values [51.100998948433904, 257.31409030256077, 50.458277348933045, 56.170348811275, 64.75105335008496]
State (4, 4, 4, 3): Q-values [259.921353440358, 43.580725322350155, 37.13526731240385, 37.45849222519062, 42.34371192126904]
State (4, 4, 4, 4): Q-values [223.35521330952085, 54.80601645692277, 69.41152417810436, 61.3797602711341, 61.53971235695179]
